5	6	6	6	6	6	4	2
0	0	2.37186022592e-32	2.21792002398e-12	0.617755260005	0.382244739993	6.52291633457e-40	1.05242459735e-13
0	1	0.744646373347	5.2434583055e-05	0.225039716423	6.01979002573e-25	0.00326108783287	0.0270003878132
0	2	7.32051963404e-05	0.596445210929	6.97781121382e-06	0.179072998512	0.000641667402513	0.223759940149
0	3	4.45418091881e-07	0.101908763379	1.21522439509e-05	0.713480559074	0.153326020473	0.0312720594116
0	4	0.0119923005929	1.28943913615e-05	0.987994805016	2.26416513701e-15
0	5	0.0187633987843	0.981236601216
1	0	7.26231196931e-36	9.99632460385e-17	0.99947588172	0.000524118280369	2.24148230219e-34	8.00870716953e-22
1	1	0.98475664009	0.00713157257633	1.66018314113e-05	1.74468929314e-18	0.00636953125004	0.00172565425255
1	2	0.214325102081	0.784713023212	3.78121139197e-11	1.64739990039e-15	0.000961874668744	1.05844636707e-20
1	3	2.72566167016e-07	1.70434963074e-05	1.11252837502e-10	0.775076867045	0.0405806116492	0.184325205132
1	4	0.259013859739	0.677669930726	0.0629449944781	0.000371215056745
1	5	0.543070377166	0.456929622834
2	0	2.42462740434e-15	4.85015467423e-06	0.000866515559627	0.998557300946	3.35123174283e-23	0.000571333339622
2	1	0.0322754866374	0.441999266581	0.511649857324	4.0030583775e-28	4.46042823159e-05	0.0140307851751
2	2	0.424322768449	0.507924228578	7.05662166444e-07	0.052943855296	0.0147820574619	2.63845528202e-05
2	3	2.38256954914e-25	0.00717719382175	4.88802675884e-10	0.0182710229916	0.974008585693	0.000543197005079
2	4	0.000326986330268	0.395513022355	0.594812354143	0.00934763717234
2	5	0.319202608214	0.680797391786
3	0	0.000141696098665	0.0355746628215	0.00280778067547	0.961474542378	1.4709810509e-07	1.17092779637e-06
3	1	0.246847194335	0.281824825593	0.0742069876695	4.00948399578e-43	5.13799527773e-05	0.39706961245
3	2	0.0904810368	0.462673026492	0.000161643500989	2.66302433147e-05	0.444850290288	0.00180737267518
3	3	3.59751115588e-19	1.08334397453e-21	0.445904268118	0.00983245184583	0.0277384754642	0.516524804572
3	4	1.14371060549e-10	0.000394774062251	0.999218134812	0.000387091011866
3	5	0.0139862534137	0.986013746586
4	0	4.20526467498e-11	0.668531302651	0.214361234991	0.113273514017	3.98226753847e-08	0.00383390847593
4	1	0.347545908362	0.00163676091675	0.512344862609	1.04609155251e-15	7.03731509565e-05	0.138402094961
4	2	0.911363822452	0.0127668791959	2.10901667338e-12	7.9243914663e-05	0.0757888472521	1.2071828589e-06
4	3	0.21294085627	8.61666362073e-08	1.11581148857e-20	0.54357184461	0.0348911444248	0.208596068529
4	4	0.109808748235	0.880691187581	0.00946059126119	3.94729230108e-05
4	5	0.891674047786	0.108325952214
