5	6	6	6	6	6	4	2
0	0	0.583115604231	0.397052990632	0.000533829503111	0.000190874451442	2.17498649538e-09	0.0191066990075
0	1	0.164570146183	0.0696673859177	0.111116679053	4.20528526679e-07	0.653686550417	0.000958817901194
0	2	3.86976996221e-17	0.947987010601	0.0369838210342	0.0132447593801	1.23497695917e-09	0.00178440774997
0	3	0.555669888001	0.262333225498	0.0981382784986	0.0679051458791	0.0130573875745	0.00289607454959
0	4	0.00112802907742	0.0225235774378	0.13438691486	0.841961478625
0	5	7.61015147499e-06	0.999992389849
1	0	0.741172408104	0.0263736394079	0.00226357168462	0.000268720902438	6.57375968918e-15	0.229921659901
1	1	0.0231469884988	7.1017049501e-09	0.198816649872	0.777795059089	0.000213113757441	2.81816816236e-05
1	2	7.43587338978e-05	0.0839634207534	0.000215786798698	0.53609364526	0.00167497936923	0.377977809084
1	3	0.494181598845	0.496931667796	0.00413942354805	0.000102648965007	0.00464460921857	5.16272756272e-08
1	4	0.000108537516993	0.878892234137	0.00378652044598	0.1172127079
1	5	0.0458991160185	0.954100883982
2	0	0.614293263379	0.10506700831	1.04749735963e-12	2.53920331402e-05	0.272892135102	0.00772220117472
2	1	9.36928243051e-05	1.40383204359e-21	0.675065372567	0.0718927880319	0.0271370098211	0.225811136755
2	2	1.10272982266e-12	0.0110297560526	0.297828360545	0.0999821911785	0.407452792136	0.183706900087
2	3	0.985810474101	0.0112423254333	0.00177240202229	1.18389076355e-09	0.00116728105253	7.51620748439e-06
2	4	0.0144699753738	0.00794348571599	0.0450036617383	0.932582877172
2	5	0.000224017339683	0.99977598266
3	0	0.123043686646	0.811720021	1.567661199e-10	0.023521393385	1.82901988611e-11	0.0417148987939
3	1	0.0105774248449	9.47147954137e-10	2.57300337581e-13	0.797213866553	0.166901944305	0.0253067633496
3	2	0.0408030052369	0.058272373067	0.0275263956125	0.377110558148	0.488592076682	0.00769559125433
3	3	1.38441621396e-07	0.769171392557	0.102969343898	0.0871518080598	0.0406775358535	2.9781190348e-05
3	4	0.000194914782993	0.92436298232	0.00202206445295	0.0734200384439
3	5	0.262902929542	0.737097070458
4	0	0.0374746777206	0.335856038136	2.53582050852e-09	6.20787669743e-08	0.453069057738	0.173600161791
4	1	0.682844166026	1.9742123411e-13	0.00171909962893	0.250779707935	0.0641399472121	0.000517079198024
4	2	7.31053424017e-24	0.0200421758839	8.85865276398e-07	0.933342293201	4.46381384456e-14	0.04661464505
4	3	1.2402481147e-05	0.00276416267848	0.118232452123	0.00431093565503	0.874680047044	1.78684524215e-11
4	4	0.071766518868	0.00445696451632	0.872643318843	0.0511331977726
4	5	0.0710375680245	0.928962431975
